23151
15
65
179
12896
72
8949
4155
4574
12455
64
86
11816
46
11
99
4817
77
11
4544
164
38
7124
227
196
4444
100
15
15
5686
45
11
5477
52
11
11
5216
88
28
149
24
5945
158
102
7892
268
333
291
291
291
6186
602
465
456
460
5929
751
427
720
612
612
9420
174
225
68
69
67
67
67
67
67
67
67
67
239
71
67
67
67
67
67
67
67
67
67
67
67
67
67
67
94999
145
180
71
267
205
280
58
56
56
56
223
64
56
56
56
56
56
56
56
56
56
56
56
223
67
56
56
56
56
56
56
56
56
56
56
56
56
56
56
222
61
56
56
56
56
56
56
56
56
56
56
56
56
56
221
56
56
56
56
56
56
56
56
56
56
56
56
56
56
56
56
219
56
56
56
56
56
56
56
56
56
56
56
56
56
56
56
56
221
94967
338
259
58
56
56
56
56
56
56
56
56
56
56
56
225
60
56
56
56
56
56
56
56
56
56
56
56
56
56
56
56
56
56
56
56
56
56
56
56
56
56
56
56
56
56
56
56
56
56
56
56
56
56
56
56
56
56
56
56
56
56
56
56
56
56
56
56
56
56
56
56
56
56
56
56
56
56
56
56
56
56
56
56
56
56
56
56
56
56
94999
425
80
78
78
78
78
78
78
78
78
78
78
78
78
78
78
78
78
78
78
78
78
78
78
78
78
78
78
78
78
78
78
78
78
78
78
78
78
78
78
78
78
78
78
78
78
78
78
78
78
78
78
78
78
78
78
78
78
78
78
78
78
78
78
78
78
78
78
78
78
78
78
78
78
78
78
78
78
78
78
78
78
78
78
78
78
78
78
78
94998
425
80
78
78
78
78
78
78
78
78
78
78
78
78
78
78
78
78
78
78
78
78
78
78
78
78
78
78
78
78
78
78
78
78
78
78
78
78
78
78
78
78
78
78
78
78
78
78
78
78
78
78
78
78
78
78
78
78
78
78
78
78
78
78
78
78
78
78
78
78
78
78
78
78
78
78
78
78
78
78
78
78
78
78
78
78
78
78
78
94999
425
80
78
78
78
78
78
78
78
78
78
78
78
78
78
78
78
78
78
78
78
78
78
78
78
78
78
78
78
78
78
78
78
78
78
78
78
78
78
78
78
78
78
78
78
78
78
78
78
78
78
78
78
78
78
78
78
78
78
78
78
78
78
78
78
78
78
78
78
78
78
78
78
78
78
78
78
78
78
78
78
78
78
78
78
78
78
78
78
94998
425
80
78
78
78
78
78
78
78
78
78
78
78
78
78
78
78
78
78
78
78
78
78
78
78
78
78
78
78
78
78
78
78
78
78
8084
177
90
44080
1586
45318
1639
42922
1686
191
41840
1850
199
169
167
166
167
166
331
166
167
166
167
166
167
166
167
166
167
166
167
166
167
166
317
172
167
166
167
166
167
166
167
166
167
166
167
166
167
166
167
330
167
166
98715
355
57
57
57
57
57
57
57
57
57
57
57
206
66
57
57
57
57
57
57
57
57
57
57
57
57
57
57
218
69
57
57
57
57
57
57
57
57
57
57
57
57
57
57
57
208
57
57
57
57
57
57
57
57
57
57
57
57
57
57
57
57
57
217
62
57
57
57
57
57
57
57
57
57
57
57
57
57
57
57
57
208
57
57
57
57
57
57
57
98699
355
57
57
57
57
57
218
62
57
57
57
57
57
57
57
57
57
57
57
57
57
57
57
205
62
57
57
57
57
57
57
57
57
57
57
57
57
57
57
218
62
57
57
57
57
57
57
57
57
57
57
57
57
57
57
57
57
209
57
57
57
57
57
57
57
57
57
57
57
57
57
57
57
218
134
63
57
57
57
57
57
57
57
57
57
57
206
57
57
98707
355
57
57
57
57
57
57
57
57
57
57
57
218
62
57
57
57
57
57
57
57
57
57
57
57
57
57
57
57
57
205
62
57
57
57
57
57
57
57
57
57
57
57
57
57
57
57
218
62
57
57
57
57
57
57
57
57
57
57
57
57
57
57
57
57
57
57
57
57
57
57
57
57
57
57
57
57
57
57
57
57
57
57
57
57
57
57
57
57
98723
355
57
57
57
57
57
57
57
57
57
57
57
57
57
57
57
57
57
57
57
57
57
57
57
57
57
57
57
57
57
57
57
57
57
57
57
57
57
57
57
57
57
57
57
57
57
57
57
57
57
57
57
57
57
57
57
57
57
57
57
57
57
57
57
57
57
57
57
57
57
57
57
57
57
57
57
57
57
57
57
57
57
57
57
57
57
57
57
57
98724
355
57
57
57
57
57
57
57
57
57
57
57
57
57
57
57
57
57
57
57
57
57
57
57
57
57
57
57
57
57
57
57
57
57
57
57
57
57
57
57
57
57
57
57
57
57
57
57
57
57
57
57
57
57
57
57
57
57
57
57
57
57
57
57
57
57
57
57
57
57
57
57
57
57
57
57
57
57
57
57
57
57
57
57
57
57
57
57
57
98723
355
57
57
57
57
57
57
57
57
57
57
57
57
57
57
57
57
57
57
57
57
57
57
57
57
57
57
57
57
57
57
57
57
57
57
57
57
57
57
57
57
57
57
57
57
57
57
57
57
57
57
57
57
57
57
57
57
57
57
57
57
57
57
57
57
57
57
57
57
57
57
57
57
57
57
57
57
57
57
57
57
57
57
57
57
57
57
57
57
98724
355
57
57
57
57
57
57
57
57
57
57
57
57
57
57
57
57
57
57
57
57
57
57
57
57
57
57
57
57
57
57
57
57
57
57
57
57
57
57
57
57
57
57
57
57
57
57
57
57
57
57
57
57
57
57
57
57
57
57
57
57
57
57
57
57
57
57
57
57
57
57
57
57
57
57
57
57
57
57
57
57
57
57
57
57
57
57
57
57
98723
355
57
57
57
57
57
57
57
57
988
1672
82
18919
504
8141
293
1292
49426
1995
21248
935
19737
878
209
49177
1950
62044
2348
57872
1936
247
27658
1140
333
123
113
110
44681
1836
46295
2013
45866
1935
246
46620
1780
43340
1857
40981
1838
262
218
21943
1003
45008
2060
437
381
372
8214
500
18626
937
340
18165
791
287
13328
951
270
249
20457
1004
20636
1008
284
280
279
280
279
47552
1876
280
48535
2017
396
333
319
46128
102374
501
85
79
79
79
79
79
79
79
79
79
79
79
79
265
79
79
79
79
79
79
79
79
79
79
79
79
79
79
79
202
84
79
79
79
79
79
79
79
79
79
79
79
79
79
79
79
79
79
79
79
79
79
79
79
79
79
79
79
79
79
79
79
79
79
79
79
